{
 "cells": [
  {
   "cell_type": "code",
   "execution_count": 2,
   "metadata": {},
   "outputs": [],
   "source": [
    "import numpy as np\n",
    "import math as m"
   ]
  },
  {
   "cell_type": "code",
   "execution_count": 7,
   "metadata": {},
   "outputs": [
    {
     "name": "stdout",
     "output_type": "stream",
     "text": [
      "Transforming from D to C \n",
      " [[  0.61237244  -0.43559574   0.65973961  -7.89149131]\n",
      " [  0.61237244   0.78914913  -0.04736717 -20.13894002]\n",
      " [ -0.5          0.4330127    0.75        15.66987298]\n",
      " [  0.           0.           0.           1.        ]]\n"
     ]
    }
   ],
   "source": [
    "## Problem 2.3 Part A\n",
    "BA_T = np.array(\n",
    "                [\n",
    "                    m.sqrt(3)/2,0,0.5,20,\n",
    "                    0,-1,0,0,\n",
    "                    0.5,0,-m.sqrt(3)/2,0,\n",
    "                    0,0,0,1\n",
    "                 ]\n",
    "            ).reshape(4,4)\n",
    "\n",
    "CA_T = np.array(\n",
    "                [\n",
    "                    m.sqrt(2)/2,m.sqrt(2)/2,0,0,\n",
    "                    m.sqrt(2)/2,-m.sqrt(2)/2,0,0,\n",
    "                    0,0,-1,10,\n",
    "                    0,0,0,1\n",
    "                 ]\n",
    "            ).reshape(4,4)\n",
    "\n",
    "DB_T = np.array(\n",
    "                [\n",
    "                    1,0,0,0,\n",
    "                    0,m.sqrt(3)/2,0.5,10,\n",
    "                    0,-0.5,m.sqrt(3)/2,0,\n",
    "                    0,0,0,1\n",
    "                 ]\n",
    "            ).reshape(4,4)\n",
    "\n",
    "CB_T = np.matmul(\n",
    "                    CA_T,\n",
    "                    np.linalg.inv(BA_T)\n",
    "                )\n",
    "\n",
    "CD_T = np.matmul(\n",
    "                    CB_T,\n",
    "                    np.linalg.inv(DB_T)\n",
    "                )\n",
    "\n",
    "print(f\"Transforming from D to C \\n {CD_T}\")"
   ]
  },
  {
   "cell_type": "code",
   "execution_count": 20,
   "metadata": {},
   "outputs": [
    {
     "name": "stdout",
     "output_type": "stream",
     "text": [
      "P1 in A:\n",
      "[[-7.83493649]\n",
      " [37.14101615]\n",
      " [13.57050808]\n",
      " [ 1.        ]]\n",
      "\n",
      "P1 in B:\n",
      "[[ 20.        ]\n",
      " [-37.14101615]\n",
      " [-15.66987298]\n",
      " [  1.        ]]\n",
      "\n",
      "P1 in C:\n",
      "[[ 20.72252766]\n",
      " [-31.8028011 ]\n",
      " [ -3.57050808]\n",
      " [  1.        ]]\n"
     ]
    }
   ],
   "source": [
    "## Problem 2.3 Part B\n",
    "\n",
    "# put in homogeneous coords\n",
    "D_p1 = np.array(\n",
    "    [\n",
    "        20,-30,5,1\n",
    "    ]\n",
    "            ).reshape(4,1)\n",
    "\n",
    "# in Frame A\n",
    "AD_T = np.matmul(\n",
    "                    np.linalg.inv(BA_T),\n",
    "                    np.linalg.inv(DB_T)\n",
    "                )\n",
    "\n",
    "A_p1 = np.matmul(\n",
    "                    AD_T,\n",
    "                    D_p1\n",
    "                )\n",
    "# in Frame B\n",
    "B_p1 = np.matmul(\n",
    "                    np.linalg.inv(DB_T),\n",
    "                    D_p1\n",
    "                )\n",
    "\n",
    "# in Frame C\n",
    "C_p1 = np.matmul(\n",
    "                    CD_T,\n",
    "                    D_p1\n",
    "                )\n",
    "\n",
    "print(f\"P1 in A:\\n{A_p1}\\n\\nP1 in B:\\n{B_p1}\\n\\nP1 in C:\\n{C_p1}\")"
   ]
  },
  {
   "cell_type": "code",
   "execution_count": 93,
   "metadata": {},
   "outputs": [
    {
     "name": "stdout",
     "output_type": "stream",
     "text": [
      "Transform from A to C:\n",
      "[[ 1  0  0  3]\n",
      " [ 0  1  0  4]\n",
      " [ 0  0  1 -2]\n",
      " [ 0  0  0  1]]\n",
      "\n",
      "Transform from C to D:\n",
      "[[ 0.52898551 -0.67182943  0.5184781   0.        ]\n",
      " [ 0.78777146  0.61594203 -0.00561586  0.        ]\n",
      " [-0.31557955  0.41141296  0.85507246  0.        ]\n",
      " [ 0.          0.          0.          1.        ]]\n",
      "\n",
      "Transform from D to B:\n",
      "[[ 1  0  0 -3]\n",
      " [ 0  1  0 -4]\n",
      " [ 0  0  1  2]\n",
      " [ 0  0  0  1]]\n",
      "\n",
      "Transform from A to D:\n",
      "[[ 0.52898551 -0.67182943  0.5184781   3.        ]\n",
      " [ 0.78777146  0.61594203 -0.00561586  4.        ]\n",
      " [-0.31557955  0.41141296  0.85507246 -2.        ]\n",
      " [ 0.          0.          0.          1.        ]]\n",
      "\n",
      "Transform from A to B:\n",
      "[[ 0.52898551 -0.67182943  0.5184781   5.13731742]\n",
      " [ 0.78777146  0.61594203 -0.00561586 -0.83831423]\n",
      " [-0.31557955  0.41141296  0.85507246 -0.98876827]\n",
      " [ 0.          0.          0.          1.        ]]\n"
     ]
    }
   ],
   "source": [
    "## Problem 2.4\n",
    "\n",
    "AC_T = np.array([\n",
    "                    1,0,0,3,\n",
    "                    0,1,0,4,\n",
    "                    0,0,1,-2,\n",
    "                    0,0,0,1\n",
    "                ]).reshape(4,4)\n",
    "\n",
    "# unitize axis\n",
    "m_vec = np.array([\n",
    "    2,4,7\n",
    "            ]).reshape(3,1)\n",
    "theta_ang = 60\n",
    "theta_rad = 60*(m.pi/180)\n",
    "\n",
    "m_unit = m_vec / np.linalg.norm(m_vec)\n",
    "v = 1 - m.cos(theta_rad)\n",
    "\n",
    "CD_T = np.zeros([4,4])\n",
    "CD_T[0][0] = (m_unit[0]**2)*v + m.cos(theta_rad)\n",
    "CD_T[0][1] = m_unit[0]*m_unit[1]*v - m_unit[2]*m.sin(theta_rad)\n",
    "CD_T[0][2] = m_unit[0]*m_unit[2]*v + m_unit[1]*m.sin(theta_rad)\n",
    "CD_T[1][0] = m_unit[0]*m_unit[1]*v + m_unit[2]*m.sin(theta_rad)\n",
    "CD_T[1][1] = (m_unit[1]**2)*v + m.cos(theta_rad)\n",
    "CD_T[1][2] = m_unit[1]*m_unit[2]*v - m_unit[0]*m.sin(theta_rad)\n",
    "CD_T[2][0] = m_unit[0]*m_unit[2]*v - m_unit[1]*m.sin(theta_rad)\n",
    "CD_T[2][1] = m_unit[1]*m_unit[2]*v + m_unit[0]*m.sin(theta_rad)\n",
    "CD_T[2][2] = (m_unit[2]**2)*v + m.cos(theta_rad)\n",
    "CD_T[3][3] = 1\n",
    "\n",
    "DB_T = np.array([\n",
    "                    1,0,0,-3,\n",
    "                    0,1,0,-4,\n",
    "                    0,0,1,2,\n",
    "                    0,0,0,1\n",
    "                ]).reshape(4,4)\n",
    "\n",
    "AD_T = np.matmul(\n",
    "                    AC_T,\n",
    "                    CD_T\n",
    "                )\n",
    "\n",
    "AB_T = np.matmul(\n",
    "                    AD_T,\n",
    "                    DB_T\n",
    "                )\n",
    "\n",
    "print(f\"Transform from A to C:\\n{AC_T}\\n\\nTransform from C to D:\\n{CD_T}\\n\\nTransform from D to B:\\n{DB_T}\\n\\nTransform from A to D:\\n{AD_T}\\n\\nTransform from A to B:\\n{AB_T}\")"
   ]
  },
  {
   "cell_type": "code",
   "execution_count": 6,
   "metadata": {},
   "outputs": [
    {
     "name": "stdout",
     "output_type": "stream",
     "text": [
      "A to C:\n",
      "[[ 0.53571429 -0.6229365   0.57005291  0.        ]\n",
      " [ 0.76579365  0.64285714 -0.01716931  0.        ]\n",
      " [-0.35576719  0.44574074  0.82142857  0.        ]\n",
      " [ 0.          0.          0.          1.        ]]\n",
      "\n",
      "\n",
      "B to C:\n",
      "[[ 0.53571429 -0.6229365   0.57005291  0.        ]\n",
      " [ 0.48531316  0.77960099  0.39584523 -2.32050808]\n",
      " [-0.69100025  0.06459423  0.71996267 11.33974596]\n",
      " [ 0.          0.          0.          1.        ]]\n"
     ]
    }
   ],
   "source": [
    "## Problem 2.8\n",
    "theta_ang = 30\n",
    "theta_rad = 30*(m.pi/180)\n",
    "\n",
    "AD_T = np.array([\n",
    "                    1,0,0,10,\n",
    "                    0,1,0,20,\n",
    "                    0,0,1,10,\n",
    "                    0,0,0,1\n",
    "\n",
    "                ]).reshape(4,4)\n",
    "\n",
    "DE_T = np.array([\n",
    "                    1,0,0,0,\n",
    "                    0,m.cos(theta_rad),-m.sin(theta_rad),0,\n",
    "                    0,m.sin(theta_rad),m.cos(theta_rad),0,\n",
    "                    0,0,0,1\n",
    "                ]).reshape(4,4)\n",
    "\n",
    "EB_T = np.array([\n",
    "                    1,0,0,-10,\n",
    "                    0,1,0,-20,\n",
    "                    0,0,1,-10,\n",
    "                    0,0,0,1\n",
    "                ]).reshape(4,4)\n",
    "\n",
    "AE_T = np.matmul(\n",
    "                    AD_T,\n",
    "                    DE_T\n",
    "                )\n",
    "\n",
    "AB_T = np.matmul(\n",
    "                    AE_T,\n",
    "                    EB_T\n",
    "                )\n",
    "\n",
    "# unitize axis\n",
    "m_vec = np.array([\n",
    "    2,4,6\n",
    "            ]).reshape(3,1)\n",
    "theta_ang = 60\n",
    "theta_rad = 60*(m.pi/180)\n",
    "\n",
    "m_unit = m_vec / np.linalg.norm(m_vec)\n",
    "v = 1 - m.cos(theta_rad)\n",
    "\n",
    "AC_T = np.zeros([4,4])\n",
    "AC_T[0][0] = (m_unit[0]**2)*v + m.cos(theta_rad)\n",
    "AC_T[0][1] = m_unit[0]*m_unit[1]*v - m_unit[2]*m.sin(theta_rad)\n",
    "AC_T[0][2] = m_unit[0]*m_unit[2]*v + m_unit[1]*m.sin(theta_rad)\n",
    "AC_T[1][0] = m_unit[0]*m_unit[1]*v + m_unit[2]*m.sin(theta_rad)\n",
    "AC_T[1][1] = (m_unit[1]**2)*v + m.cos(theta_rad)\n",
    "AC_T[1][2] = m_unit[1]*m_unit[2]*v - m_unit[0]*m.sin(theta_rad)\n",
    "AC_T[2][0] = m_unit[0]*m_unit[2]*v - m_unit[1]*m.sin(theta_rad)\n",
    "AC_T[2][1] = m_unit[1]*m_unit[2]*v + m_unit[0]*m.sin(theta_rad)\n",
    "AC_T[2][2] = (m_unit[2]**2)*v + m.cos(theta_rad)\n",
    "AC_T[3][3] = 1\n",
    "\n",
    "BC_T = np.matmul(\n",
    "                    np.linalg.inv(AB_T),\n",
    "                    AC_T\n",
    "                )\n",
    "\n",
    "#print(f\"A to D:\\n{AD_T}\\n\\nD to E:\\n{DE_T}\\n\\nE to B:{EB_T}\\n\\nA to E:\\n{AE_T}\\n\\nA to B:\\n{AB_T}\")\n",
    "print(f\"A to C:\\n{AC_T}\\n\\n\")\n",
    "print(f\"B to C:\\n{BC_T}\")"
   ]
  }
 ],
 "metadata": {
  "kernelspec": {
   "display_name": "FML_Playground",
   "language": "python",
   "name": "python3"
  },
  "language_info": {
   "codemirror_mode": {
    "name": "ipython",
    "version": 3
   },
   "file_extension": ".py",
   "mimetype": "text/x-python",
   "name": "python",
   "nbconvert_exporter": "python",
   "pygments_lexer": "ipython3",
   "version": "3.10.4"
  },
  "orig_nbformat": 4,
  "vscode": {
   "interpreter": {
    "hash": "399d1a6c45a5192c40e80b535329c6e70f9e6e7018ac850ce135da642291f42e"
   }
  }
 },
 "nbformat": 4,
 "nbformat_minor": 2
}
